NumElements = 100
56 0 0 -1 -1
99 1 0 0 1
88 0 0 -1 -1
48 1 0 0 1
91 0 0 1 1
59 -1 0 1 1
33 -1 0 -1 0
20 1 0 0 -1
65 0 0 -1 -1
14 1 0 0 1
43 0 1 0 -1
31 0 -1 0 1
52 0 1 0 -1
11 0 -1 0 1
60 0 -1 0 0
94 0 -1 1 0
67 -1 0 0 0
86 0 1 0 -1
93 0 1 -1 1
30 1 -1 0 -1
68 0 1 1 1
39 -1 -1 -1 1
63 1 1 0 1
81 0 -1 0 0
29 0 0 1 0
3 -1 0 0 1
36 0 0 1 -1
10 -1 1 1 1
49 -1 -1 1 1
8 -1 1 0 0
47 0 -1 -1 1
2 1 -1 1 0
41 -1 -1 0 0
19 0 0 -1 -1
78 1 0 0 0
53 0 -1 -1 0
83 1 1 0 1
45 0 -1 -1 0
12 1 -1 0 1
54 0 0 0 0
89 0 -1 -1 1
58 1 0 -1 1
34 1 0 -1 0
84 1 1 -1 1
76 1 0 1 0
4 -1 0 -1 1
95 1 -1 1 0
97 -1 0 -1 1
46 1 -1 -1 0
27 1 0 0 0
38 0 -1 0 1
1 0 -1 1 0
87 -1 0 0 0
37 0 -1 -1 -1
51 1 0 0 0
50 0 -1 -1 1
17 1 0 -1 -1
77 1 -1 1 0
62 -1 0 -1 1
73 1 0 0 0
79 0 -1 0 -1
16 0 0 -1 1
71 1 0 0 -1
57 0 1 -1 1
32 1 0 1 1
72 -1 -1 1 -1
40 -1 1 0 -1
85 0 0 -1 0
64 1 -1 0 0
5 0 0 0 1
42 0 1 -1 -1
23 1 -1 1 -1
66 -1 1 0 -1
6 0 -1 -1 0
22 1 -1 1 1
7 -1 1 1 0
21 -1 1 -1 -1
13 1 0 1 1
82 -1 0 1 0
92 -1 -1 0 1
96 0 1 0 0
75 0 1 0 1
70 0 1 1 1
61 -1 0 -1 0
55 1 -1 -1 0
35 1 0 0 1
100 0 1 -1 -1
44 1 -1 1 0
24 -1 0 0 1
69 0 -1 0 -1
9 0 0 1 0
80 -1 -1 -1 0
90 1 -1 0 0
15 0 0 1 0
18 -1 0 0 0
74 0 -1 0 0
25 0 1 0 0
98 0 0 1 0
26 -1 -1 1 0
28 -1 1 0 0
